Type | Offset/Obj | Gen/Idx
----------------------------
   0 |          0 |       0
   1 |     222146 |       0
   1 |     222482 |       0
   1 |     226187 |       0
   1 |     226571 |       0
   1 |     233164 |       0
   1 |     233500 |       0
   1 |     239218 |       0
   1 |     239554 |       0
   1 |     243462 |       0
   1 |     243870 |       0
   1 |     250892 |       0
   1 |     276870 |       0
   1 |     277157 |       0
   1 |     277567 |       0
   1 |     285541 |       0
   1 |     285903 |       0
   1 |     290638 |       0
   1 |     291012 |       0
   1 |     297363 |       0
   1 |     297477 |       0
   1 |     297839 |       0
   1 |     303315 |       0
   1 |     303756 |       0
   1 |     308479 |       0
   1 |     351956 |       0
   1 |     376970 |       0
   1 |     377263 |       0
   1 |     389641 |       0
   1 |     390148 |       0
   1 |     390550 |       0
   1 |     395144 |       0
   1 |     412940 |       0
   1 |     414891 |       0
   1 |     419230 |       0
   1 |     419650 |       0
   1 |     421757 |       0
   1 |     431578 |       0
   1 |     443305 |       0
   1 |     453249 |       0
   1 |     463751 |       0
   1 |     464167 |       0
   1 |     470248 |       0
   1 |     470638 |       0
   1 |     476491 |       0
   1 |     480903 |       0
   1 |     499114 |       0
   1 |     515100 |       0
   1 |     515448 |       0
   1 |     518864 |       0
   1 |     518978 |       0
   1 |     519385 |       0
   1 |     522738 |       0
   1 |     524924 |       0
   1 |     531205 |       0
   1 |     531595 |       0
   1 |     535521 |       0
   1 |     542691 |       0
   1 |     543420 |       0
   1 |     555942 |       0
   1 |     556341 |       0
   1 |     558664 |       0
   1 |     569004 |       0
   1 |     569378 |       0
   1 |     569758 |       0
   1 |     572113 |       0
   1 |     572583 |       0
   1 |     576584 |       0
   1 |     580845 |       0
   1 |     592632 |       0
   1 |     599574 |       0
   1 |     601258 |       0
   1 |     606027 |       0
   1 |     612307 |       0
   1 |     614388 |       0
   1 |     616538 |       0
   1 |     616899 |       0
   1 |     620013 |       0
   1 |     620529 |       0
   1 |     624382 |       0
   1 |     630474 |       0
   1 |     637561 |       0
   1 |     643596 |       0
   1 |     650183 |       0
   1 |     654593 |       0
   1 |     655028 |       0
   1 |     658907 |       0
   1 |     659280 |       0
   1 |     663380 |       0
   1 |     663819 |       0
   1 |     667251 |       0
   1 |     667688 |       0
   1 |     674115 |       0
   1 |     674567 |       0
   1 |     675027 |       0
   1 |     679069 |       0
   1 |     684427 |       0
   1 |     691162 |       0
   1 |     699221 |       0
   1 |     704901 |       0
   1 |     705404 |       0
   1 |     711011 |       0
   1 |     726261 |       0
   1 |     732628 |       0
   1 |     748832 |       0
   1 |     754898 |       0
   1 |     769248 |       0
   1 |     775310 |       0
   1 |     794717 |       0
   1 |     801609 |       0
   1 |     802010 |       0
   1 |     805488 |       0
   1 |     805782 |       0
   1 |     820096 |       0
   1 |     820395 |       0
   1 |     820800 |       0
   1 |     825390 |       0
   1 |     922457 |       0
   1 |     922749 |       0
   1 |     923150 |       0
   1 |     926439 |       0
   1 |    1003799 |       0
   1 |    1004094 |       0
   1 |    1029875 |       0
   1 |    1030381 |       0
   1 |    1030747 |       0
   1 |    1033382 |       0
   1 |    1056572 |       0
   1 |    1057015 |       0
   1 |    1062411 |       0
   1 |    1072358 |       0
   1 |    1072786 |       0
   1 |    1077757 |       0
   1 |    1078129 |       0
   1 |    1081579 |       0
   1 |    1082087 |       0
   1 |    1085674 |       0
   1 |    1087961 |       0
   1 |    1091063 |       0
   1 |    1093374 |       0
   1 |    1096507 |       0
   1 |    1098701 |       0
   1 |    1101856 |       0
   1 |    1103976 |       0
   1 |    1107070 |       0
   1 |    1110165 |       0
   1 |    1110715 |       0
   1 |    1114648 |       0
   1 |    1160942 |       0
   1 |    1161235 |       0
   1 |    1168622 |       0
   1 |    1170898 |       0
   1 |    1177635 |       0
   1 |    1180903 |       0
   1 |    1189979 |       0
   1 |    1192587 |       0
   1 |    1195893 |       0
   1 |    1201657 |       0
   1 |    1203717 |       0
   1 |    1204147 |       0
   1 |    1205098 |       0
   1 |    1374320 |       0
   1 |    1485671 |       0
   1 |    1485967 |       0
   1 |    1499116 |       0
   1 |    1707980 |       0
   1 |    1922505 |       0
   1 |    1922808 |       0
   1 |    2036909 |       0
   1 |    2141941 |       0
   1 |    2241640 |       0
   1 |    2242043 |       0
   1 |    2242337 |       0
   1 |    2287112 |       0
   1 |    2287482 |       0
   1 |    2398651 |       0
   1 |    2399083 |       0
   1 |    2522878 |       0
   1 |    2634230 |       0
   1 |    2634535 |       0
   1 |    2647936 |       0
   1 |    2862462 |       0
   1 |    3071326 |       0
   1 |    3185338 |       0
   1 |    3188749 |       0
   1 |    3189307 |       0
   1 |    3189630 |       0
   1 |    3190893 |       0
   1 |    3192156 |       0
   1 |    3193704 |       0
   1 |    3199018 |       0
   1 |    3199988 |       0
   1 |    3201401 |       0
   1 |    3202720 |       0
   1 |    3203978 |       0
   1 |    3205292 |       0
   1 |    3206636 |       0
   1 |    3207925 |       0
   1 |    3209284 |       0
   1 |    3210577 |       0
   1 |    3212272 |       0
   1 |    3213143 |       0
   1 |    3214399 |       0
   1 |    3215721 |       0
   1 |    3217085 |       0
   1 |    3218425 |       0
   1 |    3219728 |       0
   1 |    3221035 |       0
   1 |    3222473 |       0
   1 |    3223705 |       0
   1 |    3225177 |       0
   1 |    3226563 |       0
   1 |    3227908 |       0
   1 |    3229253 |       0
   1 |    3230559 |       0
   1 |    3231905 |       0
   1 |    3233235 |       0
   1 |    3234521 |       0
   1 |    3235466 |       0
   1 |    3239186 |       0
   1 |    3239486 |       0
   1 |    3239716 |       0
   2 |         12 |       0
   2 |         12 |       1
   2 |         19 |       0
   2 |         28 |       0
   2 |         28 |       1
   2 |         28 |       2
   2 |         28 |       3
   2 |         28 |       4
   2 |         28 |       5
   2 |         28 |       6
   2 |         49 |       0
   2 |         62 |       0
   2 |         62 |       1
   2 |        113 |       0
   2 |        113 |       1
   2 |        113 |       2
   2 |        117 |       0
   2 |        117 |       1
   2 |        123 |       0
   2 |        123 |       1
   2 |        123 |       2
   2 |        123 |       3
   2 |        123 |       4
   2 |        158 |       0
   2 |        158 |       1
   2 |        158 |       2
   2 |        158 |       3
   2 |        158 |       4
   2 |        183 |       0
   2 |        183 |       1
   2 |        183 |       2
   2 |        183 |       3
   2 |        183 |       4
   2 |        183 |       5
   2 |        183 |       6
   2 |        183 |       7
   2 |        183 |       8
   2 |        183 |       9
   2 |        183 |      10
   2 |        183 |      11
   2 |        183 |      12
   2 |        183 |      13
   2 |        183 |      14
   2 |        183 |      15
   2 |        183 |      16
   2 |        183 |      17
   2 |        183 |      18
   2 |        183 |      19
   2 |        183 |      20
   2 |        183 |      21
   2 |        183 |      22
   2 |        183 |      23
   2 |        183 |      24
   2 |        183 |      25
   2 |        183 |      26
   2 |        183 |      27
   2 |        183 |      28
   2 |        183 |      29
   2 |        183 |      30
   2 |        183 |      31
   2 |        183 |      32
   2 |        183 |      33
   2 |        183 |      34
   2 |        183 |      35
   2 |        183 |      36
   2 |        183 |      37
   2 |        183 |      38
   2 |        183 |      39
   2 |        183 |      40
   2 |        183 |      41
   2 |        183 |      42
   2 |        183 |      43
   2 |        183 |      44
   2 |        183 |      45
   2 |        183 |      46
   2 |        183 |      47
   2 |        183 |      48
   2 |        183 |      49
   2 |        183 |      50
   2 |        183 |      51
   2 |        183 |      52
   2 |        183 |      53
   2 |        183 |      54
   2 |        183 |      55
   2 |        183 |      56
   2 |        183 |      57
   2 |        183 |      58
   2 |        183 |      59
   2 |        183 |      60
   2 |        183 |      61
   2 |        183 |      62
   2 |        183 |      63
   2 |        183 |      64
   2 |        183 |      65
   2 |        183 |      66
   2 |        183 |      67
   2 |        183 |      68
   2 |        183 |      69
   2 |        183 |      70
   2 |        183 |      71
   2 |        183 |      72
   2 |        183 |      73
   2 |        183 |      74
   2 |        183 |      75
   2 |        183 |      76
   2 |        183 |      77
   2 |        183 |      78
   2 |        183 |      79
   2 |        183 |      80
   2 |        183 |      81
   2 |        183 |      82
   2 |        183 |      83
   2 |        183 |      84
   2 |        183 |      85
   2 |        183 |      86
   2 |        183 |      87
   2 |        183 |      88
   2 |        183 |      89
   2 |        183 |      90
   2 |        183 |      91
   2 |        183 |      92
   2 |        183 |      93
   2 |        183 |      94
   2 |        183 |      95
   2 |        183 |      96
   2 |        183 |      97
   2 |        183 |      98
   2 |        183 |      99
   2 |        184 |       0
   2 |        184 |       1
   2 |        184 |       2
   2 |        184 |       3
   2 |        184 |       4
   2 |        184 |       5
   2 |        184 |       6
   2 |        184 |       7
   2 |        185 |       0
   2 |        185 |       1
   2 |        185 |       2
   2 |        185 |       3
   2 |        185 |       4
   2 |        185 |       5
   2 |        185 |       6
   2 |        189 |       0
   2 |        189 |       1
   2 |        189 |       2
   2 |        189 |       3
   2 |        189 |       4
   2 |        189 |       5
   2 |        189 |       6
   2 |        189 |       7
   2 |        189 |       8
   2 |        189 |       9
   2 |        189 |      10
   2 |        189 |      11
   2 |        189 |      12
   2 |        189 |      13
   2 |        189 |      14
   2 |        189 |      15
   2 |        189 |      16
   2 |        189 |      17
   2 |        189 |      18
   2 |        189 |      19
   2 |        189 |      20
   2 |        189 |      21
   2 |        189 |      22
   2 |        189 |      23
   2 |        189 |      24
   2 |        189 |      25
   2 |        189 |      26
   2 |        189 |      27
   2 |        189 |      28
   2 |        189 |      29
   2 |        189 |      30
   2 |        189 |      31
   2 |        189 |      32
   2 |        189 |      33
   2 |        189 |      34
   2 |        189 |      35
   2 |        189 |      36
   2 |        189 |      37
   2 |        189 |      38
   2 |        189 |      39
   2 |        189 |      40
   2 |        189 |      41
   2 |        189 |      42
   2 |        189 |      43
   2 |        189 |      44
   2 |        189 |      45
   2 |        189 |      46
   2 |        189 |      47
   2 |        189 |      48
   2 |        189 |      49
   2 |        189 |      50
   2 |        189 |      51
   2 |        189 |      52
   2 |        189 |      53
   2 |        189 |      54
   2 |        189 |      55
   2 |        189 |      56
   2 |        189 |      57
   2 |        189 |      58
   2 |        189 |      59
   2 |        189 |      60
   2 |        189 |      61
   2 |        189 |      62
   2 |        189 |      63
   2 |        189 |      64
   2 |        189 |      65
   2 |        189 |      66
   2 |        189 |      67
   2 |        189 |      68
   2 |        189 |      69
   2 |        189 |      70
   2 |        189 |      71
   2 |        189 |      72
   2 |        189 |      73
   2 |        189 |      74
   2 |        189 |      75
   2 |        189 |      76
   2 |        189 |      77
   2 |        189 |      78
   2 |        189 |      79
   2 |        189 |      80
   2 |        189 |      81
   2 |        189 |      82
   2 |        189 |      83
   2 |        189 |      84
   2 |        189 |      85
   2 |        189 |      86
   2 |        189 |      87
   2 |        189 |      88
   2 |        189 |      89
   2 |        189 |      90
   2 |        189 |      91
   2 |        189 |      92
   2 |        189 |      93
   2 |        189 |      94
   2 |        189 |      95
   2 |        189 |      96
   2 |        189 |      97
   2 |        189 |      98
   2 |        189 |      99
   2 |        190 |       0
   2 |        190 |       1
   2 |        190 |       2
   2 |        190 |       3
   2 |        190 |       4
   2 |        190 |       5
   2 |        190 |       6
   2 |        190 |       7
   2 |        190 |       8
   2 |        190 |       9
   2 |        190 |      10
   2 |        190 |      11
   2 |        190 |      12
   2 |        190 |      13
   2 |        190 |      14
   2 |        190 |      15
   2 |        190 |      16
   2 |        190 |      17
   2 |        190 |      18
   2 |        190 |      19
   2 |        190 |      20
   2 |        190 |      21
   2 |        190 |      22
   2 |        190 |      23
   2 |        190 |      24
   2 |        190 |      25
   2 |        190 |      26
   2 |        190 |      27
   2 |        190 |      28
   2 |        190 |      29
   2 |        190 |      30
   2 |        190 |      31
   2 |        190 |      32
   2 |        190 |      33
   2 |        190 |      34
   2 |        190 |      35
   2 |        190 |      36
   2 |        190 |      37
   2 |        190 |      38
   2 |        190 |      39
   2 |        190 |      40
   2 |        190 |      41
   2 |        190 |      42
   2 |        190 |      43
   2 |        190 |      44
   2 |        190 |      45
   2 |        190 |      46
   2 |        190 |      47
   2 |        190 |      48
   2 |        190 |      49
   2 |        190 |      50
   2 |        190 |      51
   2 |        190 |      52
   2 |        190 |      53
   2 |        190 |      54
   2 |        190 |      55
   2 |        190 |      56
   2 |        190 |      57
   2 |        190 |      58
   2 |        190 |      59
   2 |        190 |      60
   2 |        190 |      61
   2 |        190 |      62
   2 |        190 |      63
   2 |        190 |      64
   2 |        190 |      65
   2 |        190 |      66
   2 |        190 |      67
   2 |        190 |      68
   2 |        190 |      69
   2 |        190 |      70
   2 |        190 |      71
   2 |        190 |      72
   2 |        190 |      73
   2 |        190 |      74
   2 |        190 |      75
   2 |        190 |      76
   2 |        190 |      77
   2 |        190 |      78
   2 |        190 |      79
   2 |        190 |      80
   2 |        190 |      81
   2 |        190 |      82
   2 |        190 |      83
   2 |        190 |      84
   2 |        190 |      85
   2 |        190 |      86
   2 |        190 |      87
   2 |        190 |      88
   2 |        190 |      89
   2 |        190 |      90
   2 |        190 |      91
   2 |        190 |      92
   2 |        190 |      93
   2 |        190 |      94
   2 |        190 |      95
   2 |        190 |      96
   2 |        190 |      97
   2 |        190 |      98
   2 |        190 |      99
   2 |        191 |       0
   2 |        191 |       1
   2 |        191 |       2
   2 |        191 |       3
   2 |        191 |       4
   2 |        191 |       5
   2 |        191 |       6
   2 |        191 |       7
   2 |        191 |       8
   2 |        191 |       9
   2 |        191 |      10
   2 |        191 |      11
   2 |        191 |      12
   2 |        191 |      13
   2 |        191 |      14
   2 |        191 |      15
   2 |        191 |      16
   2 |        191 |      17
   2 |        191 |      18
   2 |        191 |      19
   2 |        191 |      20
   2 |        191 |      21
   2 |        191 |      22
   2 |        191 |      23
   2 |        191 |      24
   2 |        191 |      25
   2 |        191 |      26
   2 |        191 |      27
   2 |        191 |      28
   2 |        191 |      29
   2 |        191 |      30
   2 |        191 |      31
   2 |        191 |      32
   2 |        191 |      33
   2 |        191 |      34
   2 |        191 |      35
   2 |        191 |      36
   2 |        191 |      37
   2 |        191 |      38
   2 |        191 |      39
   2 |        191 |      40
   2 |        191 |      41
   2 |        191 |      42
   2 |        191 |      43
   2 |        191 |      44
   2 |        191 |      45
   2 |        191 |      46
   2 |        191 |      47
   2 |        191 |      48
   2 |        191 |      49
   2 |        191 |      50
   2 |        191 |      51
   2 |        191 |      52
   2 |        191 |      53
   2 |        191 |      54
   2 |        191 |      55
   2 |        191 |      56
   2 |        191 |      57
   2 |        191 |      58
   2 |        191 |      59
   2 |        191 |      60
   2 |        191 |      61
   2 |        191 |      62
   2 |        191 |      63
   2 |        191 |      64
   2 |        191 |      65
   2 |        191 |      66
   2 |        191 |      67
   2 |        191 |      68
   2 |        191 |      69
   2 |        191 |      70
   2 |        191 |      71
   2 |        191 |      72
   2 |        191 |      73
   2 |        191 |      74
   2 |        191 |      75
   2 |        191 |      76
   2 |        191 |      77
   2 |        191 |      78
   2 |        191 |      79
   2 |        191 |      80
   2 |        191 |      81
   2 |        191 |      82
   2 |        191 |      83
   2 |        191 |      84
   2 |        191 |      85
   2 |        191 |      86
   2 |        191 |      87
   2 |        191 |      88
   2 |        191 |      89
   2 |        191 |      90
   2 |        191 |      91
   2 |        191 |      92
   2 |        191 |      93
   2 |        191 |      94
   2 |        191 |      95
   2 |        191 |      96
   2 |        191 |      97
   2 |        191 |      98
   2 |        191 |      99
   2 |        192 |       0
   2 |        192 |       1
   2 |        192 |       2
   2 |        192 |       3
   2 |        192 |       4
   2 |        192 |       5
   2 |        192 |       6
   2 |        192 |       7
   2 |        192 |       8
   2 |        192 |       9
   2 |        192 |      10
   2 |        192 |      11
   2 |        192 |      12
   2 |        192 |      13
   2 |        192 |      14
   2 |        192 |      15
   2 |        192 |      16
   2 |        192 |      17
   2 |        192 |      18
   2 |        192 |      19
   2 |        192 |      20
   2 |        192 |      21
   2 |        192 |      22
   2 |        192 |      23
   2 |        192 |      24
   2 |        192 |      25
   2 |        192 |      26
   2 |        192 |      27
   2 |        192 |      28
   2 |        192 |      29
   2 |        192 |      30
   2 |        192 |      31
   2 |        192 |      32
   2 |        192 |      33
   2 |        192 |      34
   2 |        192 |      35
   2 |        192 |      36
   2 |        192 |      37
   2 |        192 |      38
   2 |        192 |      39
   2 |        192 |      40
   2 |        192 |      41
   2 |        192 |      42
   2 |        192 |      43
   2 |        192 |      44
   2 |        192 |      45
   2 |        192 |      46
   2 |        192 |      47
   2 |        192 |      48
   2 |        192 |      49
   2 |        192 |      50
   2 |        192 |      51
   2 |        192 |      52
   2 |        192 |      53
   2 |        192 |      54
   2 |        192 |      55
   2 |        192 |      56
   2 |        192 |      57
   2 |        192 |      58
   2 |        192 |      59
   2 |        192 |      60
   2 |        192 |      61
   2 |        192 |      62
   2 |        192 |      63
   2 |        192 |      64
   2 |        192 |      65
   2 |        192 |      66
   2 |        192 |      67
   2 |        192 |      68
   2 |        192 |      69
   2 |        192 |      70
   2 |        192 |      71
   2 |        192 |      72
   2 |        192 |      73
   2 |        192 |      74
   2 |        192 |      75
   2 |        192 |      76
   2 |        192 |      77
   2 |        192 |      78
   2 |        192 |      79
   2 |        192 |      80
   2 |        192 |      81
   2 |        192 |      82
   2 |        192 |      83
   2 |        192 |      84
   2 |        192 |      85
   2 |        192 |      86
   2 |        192 |      87
   2 |        192 |      88
   2 |        192 |      89
   2 |        192 |      90
   2 |        192 |      91
   2 |        192 |      92
   2 |        192 |      93
   2 |        192 |      94
   2 |        192 |      95
   2 |        192 |      96
   2 |        192 |      97
   2 |        192 |      98
   2 |        192 |      99
   2 |        193 |       0
   2 |        193 |       1
   2 |        193 |       2
   2 |        193 |       3
   2 |        193 |       4
   2 |        193 |       5
   2 |        193 |       6
   2 |        193 |       7
   2 |        193 |       8
   2 |        193 |       9
   2 |        193 |      10
   2 |        193 |      11
   2 |        193 |      12
   2 |        193 |      13
   2 |        193 |      14
   2 |        193 |      15
   2 |        193 |      16
   2 |        193 |      17
   2 |        193 |      18
   2 |        193 |      19
   2 |        193 |      20
   2 |        193 |      21
   2 |        193 |      22
   2 |        193 |      23
   2 |        193 |      24
   2 |        193 |      25
   2 |        193 |      26
   2 |        193 |      27
   2 |        193 |      28
   2 |        193 |      29
   2 |        193 |      30
   2 |        193 |      31
   2 |        193 |      32
   2 |        193 |      33
   2 |        193 |      34
   2 |        193 |      35
   2 |        193 |      36
   2 |        193 |      37
   2 |        193 |      38
   2 |        193 |      39
   2 |        193 |      40
   2 |        193 |      41
   2 |        193 |      42
   2 |        193 |      43
   2 |        193 |      44
   2 |        193 |      45
   2 |        193 |      46
   2 |        193 |      47
   2 |        193 |      48
   2 |        193 |      49
   2 |        193 |      50
   2 |        193 |      51
   2 |        193 |      52
   2 |        193 |      53
   2 |        193 |      54
   2 |        193 |      55
   2 |        193 |      56
   2 |        193 |      57
   2 |        193 |      58
   2 |        193 |      59
   2 |        193 |      60
   2 |        193 |      61
   2 |        193 |      62
   2 |        193 |      63
   2 |        193 |      64
   2 |        193 |      65
   2 |        193 |      66
   2 |        193 |      67
   2 |        193 |      68
   2 |        193 |      69
   2 |        193 |      70
   2 |        193 |      71
   2 |        193 |      72
   2 |        193 |      73
   2 |        193 |      74
   2 |        193 |      75
   2 |        193 |      76
   2 |        193 |      77
   2 |        193 |      78
   2 |        193 |      79
   2 |        193 |      80
   2 |        193 |      81
   2 |        193 |      82
   2 |        193 |      83
   2 |        193 |      84
   2 |        193 |      85
   2 |        193 |      86
   2 |        193 |      87
   2 |        193 |      88
   2 |        193 |      89
   2 |        193 |      90
   2 |        193 |      91
   2 |        193 |      92
   2 |        193 |      93
   2 |        193 |      94
   2 |        193 |      95
   2 |        193 |      96
   2 |        193 |      97
   2 |        193 |      98
   2 |        193 |      99
   2 |        194 |       0
   2 |        194 |       1
   2 |        194 |       2
   2 |        194 |       3
   2 |        194 |       4
   2 |        194 |       5
   2 |        194 |       6
   2 |        194 |       7
   2 |        194 |       8
   2 |        194 |       9
   2 |        194 |      10
   2 |        194 |      11
   2 |        194 |      12
   2 |        194 |      13
   2 |        194 |      14
   2 |        194 |      15
   2 |        194 |      16
   2 |        194 |      17
   2 |        194 |      18
   2 |        194 |      19
   2 |        194 |      20
   2 |        194 |      21
   2 |        194 |      22
   2 |        194 |      23
   2 |        194 |      24
   2 |        194 |      25
   2 |        194 |      26
   2 |        194 |      27
   2 |        194 |      28
   2 |        194 |      29
   2 |        194 |      30
   2 |        194 |      31
   2 |        194 |      32
   2 |        194 |      33
   2 |        194 |      34
   2 |        194 |      35
   2 |        194 |      36
   2 |        194 |      37
   2 |        194 |      38
   2 |        194 |      39
   2 |        194 |      40
   2 |        194 |      41
   2 |        194 |      42
   2 |        194 |      43
   2 |        194 |      44
   2 |        194 |      45
   2 |        194 |      46
   2 |        194 |      47
   2 |        194 |      48
   2 |        194 |      49
   2 |        194 |      50
   2 |        194 |      51
   2 |        194 |      52
   2 |        194 |      53
   2 |        194 |      54
   2 |        194 |      55
   2 |        194 |      56
   2 |        194 |      57
   2 |        194 |      58
   2 |        194 |      59
   2 |        194 |      60
   2 |        194 |      61
   2 |        194 |      62
   2 |        194 |      63
   2 |        194 |      64
   2 |        194 |      65
   2 |        194 |      66
   2 |        194 |      67
   2 |        194 |      68
   2 |        194 |      69
   2 |        194 |      70
   2 |        194 |      71
   2 |        194 |      72
   2 |        194 |      73
   2 |        194 |      74
   2 |        194 |      75
   2 |        194 |      76
   2 |        194 |      77
   2 |        194 |      78
   2 |        194 |      79
   2 |        194 |      80
   2 |        194 |      81
   2 |        194 |      82
   2 |        194 |      83
   2 |        194 |      84
   2 |        194 |      85
   2 |        194 |      86
   2 |        194 |      87
   2 |        194 |      88
   2 |        194 |      89
   2 |        194 |      90
   2 |        194 |      91
   2 |        194 |      92
   2 |        194 |      93
   2 |        194 |      94
   2 |        194 |      95
   2 |        194 |      96
   2 |        194 |      97
   2 |        194 |      98
   2 |        194 |      99
   2 |        195 |       0
   2 |        195 |       1
   2 |        195 |       2
   2 |        195 |       3
   2 |        195 |       4
   2 |        195 |       5
   2 |        195 |       6
   2 |        195 |       7
   2 |        195 |       8
   2 |        195 |       9
   2 |        195 |      10
   2 |        195 |      11
   2 |        195 |      12
   2 |        195 |      13
   2 |        195 |      14
   2 |        195 |      15
   2 |        195 |      16
   2 |        195 |      17
   2 |        195 |      18
   2 |        195 |      19
   2 |        195 |      20
   2 |        195 |      21
   2 |        195 |      22
   2 |        195 |      23
   2 |        195 |      24
   2 |        195 |      25
   2 |        195 |      26
   2 |        195 |      27
   2 |        195 |      28
   2 |        195 |      29
   2 |        195 |      30
   2 |        195 |      31
   2 |        195 |      32
   2 |        195 |      33
   2 |        195 |      34
   2 |        195 |      35
   2 |        195 |      36
   2 |        195 |      37
   2 |        195 |      38
   2 |        195 |      39
   2 |        195 |      40
   2 |        195 |      41
   2 |        195 |      42
   2 |        195 |      43
   2 |        195 |      44
   2 |        195 |      45
   2 |        195 |      46
   2 |        195 |      47
   2 |        195 |      48
   2 |        195 |      49
   2 |        195 |      50
   2 |        195 |      51
   2 |        195 |      52
   2 |        195 |      53
   2 |        195 |      54
   2 |        195 |      55
   2 |        195 |      56
   2 |        195 |      57
   2 |        195 |      58
   2 |        195 |      59
   2 |        195 |      60
   2 |        195 |      61
   2 |        195 |      62
   2 |        195 |      63
   2 |        195 |      64
   2 |        195 |      65
   2 |        195 |      66
   2 |        195 |      67
   2 |        195 |      68
   2 |        195 |      69
   2 |        195 |      70
   2 |        195 |      71
   2 |        195 |      72
   2 |        195 |      73
   2 |        195 |      74
   2 |        195 |      75
   2 |        195 |      76
   2 |        195 |      77
   2 |        195 |      78
   2 |        195 |      79
   2 |        195 |      80
   2 |        195 |      81
   2 |        195 |      82
   2 |        195 |      83
   2 |        195 |      84
   2 |        195 |      85
   2 |        195 |      86
   2 |        195 |      87
   2 |        195 |      88
   2 |        195 |      89
   2 |        195 |      90
   2 |        195 |      91
   2 |        195 |      92
   2 |        195 |      93
   2 |        195 |      94
   2 |        195 |      95
   2 |        195 |      96
   2 |        195 |      97
   2 |        195 |      98
   2 |        195 |      99
   2 |        196 |       0
   2 |        196 |       1
   2 |        196 |       2
   2 |        196 |       3
   2 |        196 |       4
   2 |        196 |       5
   2 |        196 |       6
   2 |        196 |       7
   2 |        196 |       8
   2 |        196 |       9
   2 |        196 |      10
   2 |        196 |      11
   2 |        196 |      12
   2 |        196 |      13
   2 |        196 |      14
   2 |        196 |      15
   2 |        196 |      16
   2 |        196 |      17
   2 |        196 |      18
   2 |        196 |      19
   2 |        196 |      20
   2 |        196 |      21
   2 |        196 |      22
   2 |        196 |      23
   2 |        196 |      24
   2 |        196 |      25
   2 |        196 |      26
   2 |        196 |      27
   2 |        196 |      28
   2 |        196 |      29
   2 |        196 |      30
   2 |        196 |      31
   2 |        196 |      32
   2 |        196 |      33
   2 |        196 |      34
   2 |        196 |      35
   2 |        196 |      36
   2 |        196 |      37
   2 |        196 |      38
   2 |        196 |      39
   2 |        196 |      40
   2 |        196 |      41
   2 |        196 |      42
   2 |        196 |      43
   2 |        196 |      44
   2 |        196 |      45
   2 |        196 |      46
   2 |        196 |      47
   2 |        196 |      48
   2 |        196 |      49
   2 |        196 |      50
   2 |        196 |      51
   2 |        196 |      52
   2 |        196 |      53
   2 |        196 |      54
   2 |        196 |      55
   2 |        196 |      56
   2 |        196 |      57
   2 |        196 |      58
   2 |        196 |      59
   2 |        196 |      60
   2 |        196 |      61
   2 |        196 |      62
   2 |        196 |      63
   2 |        196 |      64
   2 |        196 |      65
   2 |        196 |      66
   2 |        196 |      67
   2 |        196 |      68
   2 |        196 |      69
   2 |        196 |      70
   2 |        196 |      71
   2 |        196 |      72
   2 |        196 |      73
   2 |        196 |      74
   2 |        196 |      75
   2 |        196 |      76
   2 |        196 |      77
   2 |        196 |      78
   2 |        196 |      79
   2 |        196 |      80
   2 |        196 |      81
   2 |        196 |      82
   2 |        196 |      83
   2 |        196 |      84
   2 |        196 |      85
   2 |        196 |      86
   2 |        196 |      87
   2 |        196 |      88
   2 |        196 |      89
   2 |        196 |      90
   2 |        196 |      91
   2 |        196 |      92
   2 |        196 |      93
   2 |        196 |      94
   2 |        196 |      95
   2 |        196 |      96
   2 |        196 |      97
   2 |        196 |      98
   2 |        196 |      99
   2 |        197 |       0
   2 |        197 |       1
   2 |        197 |       2
   2 |        197 |       3
   2 |        197 |       4
   2 |        197 |       5
   2 |        197 |       6
   2 |        197 |       7
   2 |        197 |       8
   2 |        197 |       9
   2 |        197 |      10
   2 |        197 |      11
   2 |        197 |      12
   2 |        197 |      13
   2 |        197 |      14
   2 |        197 |      15
   2 |        197 |      16
   2 |        197 |      17
   2 |        197 |      18
   2 |        197 |      19
   2 |        197 |      20
   2 |        197 |      21
   2 |        197 |      22
   2 |        197 |      23
   2 |        197 |      24
   2 |        197 |      25
   2 |        197 |      26
   2 |        197 |      27
   2 |        197 |      28
   2 |        197 |      29
   2 |        197 |      30
   2 |        197 |      31
   2 |        197 |      32
   2 |        197 |      33
   2 |        197 |      34
   2 |        197 |      35
   2 |        197 |      36
   2 |        197 |      37
   2 |        197 |      38
   2 |        197 |      39
   2 |        197 |      40
   2 |        197 |      41
   2 |        197 |      42
   2 |        197 |      43
   2 |        197 |      44
   2 |        197 |      45
   2 |        197 |      46
   2 |        197 |      47
   2 |        197 |      48
   2 |        197 |      49
   2 |        197 |      50
   2 |        197 |      51
   2 |        197 |      52
   2 |        197 |      53
   2 |        197 |      54
   2 |        197 |      55
   2 |        197 |      56
   2 |        197 |      57
   2 |        197 |      58
   2 |        197 |      59
   2 |        197 |      60
   2 |        197 |      61
   2 |        197 |      62
   2 |        197 |      63
   2 |        197 |      64
   2 |        197 |      65
   2 |        197 |      66
   2 |        197 |      67
   2 |        197 |      68
   2 |        197 |      69
   2 |        197 |      70
   2 |        197 |      71
   2 |        197 |      72
   2 |        197 |      73
   2 |        197 |      74
   2 |        197 |      75
   2 |        197 |      76
   2 |        197 |      77
   2 |        197 |      78
   2 |        197 |      79
   2 |        197 |      80
   2 |        197 |      81
   2 |        197 |      82
   2 |        197 |      83
   2 |        197 |      84
   2 |        197 |      85
   2 |        197 |      86
   2 |        197 |      87
   2 |        197 |      88
   2 |        197 |      89
   2 |        197 |      90
   2 |        197 |      91
   2 |        197 |      92
   2 |        197 |      93
   2 |        197 |      94
   2 |        197 |      95
   2 |        197 |      96
   2 |        197 |      97
   2 |        197 |      98
   2 |        197 |      99
   2 |        198 |       0
   2 |        198 |       1
   2 |        198 |       2
   2 |        198 |       3
   2 |        198 |       4
   2 |        198 |       5
   2 |        198 |       6
   2 |        198 |       7
   2 |        198 |       8
   2 |        198 |       9
   2 |        198 |      10
   2 |        198 |      11
   2 |        198 |      12
   2 |        198 |      13
   2 |        198 |      14
   2 |        198 |      15
   2 |        198 |      16
   2 |        198 |      17
   2 |        198 |      18
   2 |        198 |      19
   2 |        198 |      20
   2 |        198 |      21
   2 |        198 |      22
   2 |        198 |      23
   2 |        198 |      24
   2 |        198 |      25
   2 |        198 |      26
   2 |        198 |      27
   2 |        198 |      28
   2 |        198 |      29
   2 |        198 |      30
   2 |        198 |      31
   2 |        198 |      32
   2 |        198 |      33
   2 |        198 |      34
   2 |        198 |      35
   2 |        198 |      36
   2 |        198 |      37
   2 |        198 |      38
   2 |        198 |      39
   2 |        198 |      40
   2 |        198 |      41
   2 |        198 |      42
   2 |        198 |      43
   2 |        198 |      44
   2 |        198 |      45
   2 |        198 |      46
   2 |        198 |      47
   2 |        198 |      48
   2 |        198 |      49
   2 |        198 |      50
   2 |        198 |      51
   2 |        198 |      52
   2 |        198 |      53
   2 |        198 |      54
   2 |        198 |      55
   2 |        198 |      56
   2 |        198 |      57
   2 |        198 |      58
   2 |        198 |      59
   2 |        198 |      60
   2 |        198 |      61
   2 |        198 |      62
   2 |        198 |      63
   2 |        198 |      64
   2 |        198 |      65
   2 |        198 |      66
   2 |        198 |      67
   2 |        198 |      68
   2 |        198 |      69
   2 |        198 |      70
   2 |        198 |      71
   2 |        198 |      72
   2 |        198 |      73
   2 |        198 |      74
   2 |        198 |      75
   2 |        198 |      76
   2 |        198 |      77
   2 |        198 |      78
   2 |        198 |      79
   2 |        198 |      80
   2 |        198 |      81
   2 |        198 |      82
   2 |        198 |      83
   2 |        198 |      84
   2 |        198 |      85
   2 |        198 |      86
   2 |        198 |      87
   2 |        198 |      88
   2 |        198 |      89
   2 |        198 |      90
   2 |        198 |      91
   2 |        198 |      92
   2 |        198 |      93
   2 |        198 |      94
   2 |        198 |      95
   2 |        198 |      96
   2 |        198 |      97
   2 |        198 |      98
   2 |        198 |      99
   2 |        199 |       0
   2 |        199 |       1
   2 |        199 |       2
   2 |        199 |       3
   2 |        199 |       4
   2 |        199 |       5
   2 |        199 |       6
   2 |        199 |       7
   2 |        199 |       8
   2 |        199 |       9
   2 |        199 |      10
   2 |        199 |      11
   2 |        199 |      12
   2 |        199 |      13
   2 |        199 |      14
   2 |        199 |      15
   2 |        199 |      16
   2 |        199 |      17
   2 |        199 |      18
   2 |        199 |      19
   2 |        199 |      20
   2 |        199 |      21
   2 |        199 |      22
   2 |        199 |      23
   2 |        199 |      24
   2 |        199 |      25
   2 |        199 |      26
   2 |        199 |      27
   2 |        199 |      28
   2 |        199 |      29
   2 |        199 |      30
   2 |        199 |      31
   2 |        199 |      32
   2 |        199 |      33
   2 |        199 |      34
   2 |        199 |      35
   2 |        199 |      36
   2 |        199 |      37
   2 |        199 |      38
   2 |        199 |      39
   2 |        199 |      40
   2 |        199 |      41
   2 |        199 |      42
   2 |        199 |      43
   2 |        199 |      44
   2 |        199 |      45
   2 |        199 |      46
   2 |        199 |      47
   2 |        199 |      48
   2 |        199 |      49
   2 |        199 |      50
   2 |        199 |      51
   2 |        199 |      52
   2 |        199 |      53
   2 |        199 |      54
   2 |        199 |      55
   2 |        199 |      56
   2 |        199 |      57
   2 |        199 |      58
   2 |        199 |      59
   2 |        199 |      60
   2 |        199 |      61
   2 |        199 |      62
   2 |        199 |      63
   2 |        199 |      64
   2 |        199 |      65
   2 |        199 |      66
   2 |        199 |      67
   2 |        199 |      68
   2 |        199 |      69
   2 |        199 |      70
   2 |        199 |      71
   2 |        199 |      72
   2 |        199 |      73
   2 |        199 |      74
   2 |        199 |      75
   2 |        199 |      76
   2 |        199 |      77
   2 |        199 |      78
   2 |        199 |      79
   2 |        199 |      80
   2 |        199 |      81
   2 |        199 |      82
   2 |        199 |      83
   2 |        199 |      84
   2 |        199 |      85
   2 |        199 |      86
   2 |        199 |      87
   2 |        199 |      88
   2 |        199 |      89
   2 |        199 |      90
   2 |        199 |      91
   2 |        199 |      92
   2 |        199 |      93
   2 |        199 |      94
   2 |        199 |      95
   2 |        199 |      96
   2 |        199 |      97
   2 |        199 |      98
   2 |        199 |      99
   2 |        200 |       0
   2 |        200 |       1
   2 |        200 |       2
   2 |        200 |       3
   2 |        200 |       4
   2 |        200 |       5
   2 |        200 |       6
   2 |        200 |       7
   2 |        200 |       8
   2 |        200 |       9
   2 |        200 |      10
   2 |        200 |      11
   2 |        200 |      12
   2 |        200 |      13
   2 |        200 |      14
   2 |        200 |      15
   2 |        200 |      16
   2 |        200 |      17
   2 |        200 |      18
   2 |        200 |      19
   2 |        200 |      20
   2 |        200 |      21
   2 |        200 |      22
   2 |        200 |      23
   2 |        200 |      24
   2 |        200 |      25
   2 |        200 |      26
   2 |        200 |      27
   2 |        200 |      28
   2 |        200 |      29
   2 |        200 |      30
   2 |        200 |      31
   2 |        200 |      32
   2 |        200 |      33
   2 |        200 |      34
   2 |        200 |      35
   2 |        200 |      36
   2 |        200 |      37
   2 |        200 |      38
   2 |        200 |      39
   2 |        200 |      40
   2 |        200 |      41
   2 |        200 |      42
   2 |        200 |      43
   2 |        200 |      44
   2 |        200 |      45
   2 |        200 |      46
   2 |        200 |      47
   2 |        200 |      48
   2 |        200 |      49
   2 |        200 |      50
   2 |        200 |      51
   2 |        200 |      52
   2 |        200 |      53
   2 |        200 |      54
   2 |        200 |      55
   2 |        200 |      56
   2 |        200 |      57
   2 |        200 |      58
   2 |        200 |      59
   2 |        200 |      60
   2 |        200 |      61
   2 |        200 |      62
   2 |        200 |      63
   2 |        200 |      64
   2 |        200 |      65
   2 |        200 |      66
   2 |        200 |      67
   2 |        200 |      68
   2 |        200 |      69
   2 |        200 |      70
   2 |        200 |      71
   2 |        200 |      72
   2 |        200 |      73
   2 |        200 |      74
   2 |        200 |      75
   2 |        200 |      76
   2 |        200 |      77
   2 |        200 |      78
   2 |        200 |      79
   2 |        200 |      80
   2 |        200 |      81
   2 |        200 |      82
   2 |        200 |      83
   2 |        200 |      84
   2 |        200 |      85
   2 |        200 |      86
   2 |        200 |      87
   2 |        200 |      88
   2 |        200 |      89
   2 |        200 |      90
   2 |        200 |      91
   2 |        200 |      92
   2 |        200 |      93
   2 |        200 |      94
   2 |        200 |      95
   2 |        200 |      96
   2 |        200 |      97
   2 |        200 |      98
   2 |        200 |      99
   2 |        201 |       0
   2 |        201 |       1
   2 |        201 |       2
   2 |        201 |       3
   2 |        201 |       4
   2 |        201 |       5
   2 |        201 |       6
   2 |        201 |       7
   2 |        201 |       8
   2 |        201 |       9
   2 |        201 |      10
   2 |        201 |      11
   2 |        201 |      12
   2 |        201 |      13
   2 |        201 |      14
   2 |        201 |      15
   2 |        201 |      16
   2 |        201 |      17
   2 |        201 |      18
   2 |        201 |      19
   2 |        201 |      20
   2 |        201 |      21
   2 |        201 |      22
   2 |        201 |      23
   2 |        201 |      24
   2 |        201 |      25
   2 |        201 |      26
   2 |        201 |      27
   2 |        201 |      28
   2 |        201 |      29
   2 |        201 |      30
   2 |        201 |      31
   2 |        201 |      32
   2 |        201 |      33
   2 |        201 |      34
   2 |        201 |      35
   2 |        201 |      36
   2 |        201 |      37
   2 |        201 |      38
   2 |        201 |      39
   2 |        201 |      40
   2 |        201 |      41
   2 |        201 |      42
   2 |        201 |      43
   2 |        201 |      44
   2 |        201 |      45
   2 |        201 |      46
   2 |        201 |      47
   2 |        201 |      48
   2 |        201 |      49
   2 |        201 |      50
   2 |        201 |      51
   2 |        201 |      52
   2 |        201 |      53
   2 |        201 |      54
   2 |        201 |      55
   2 |        201 |      56
   2 |        201 |      57
   2 |        201 |      58
   2 |        201 |      59
   2 |        201 |      60
   2 |        201 |      61
   2 |        201 |      62
   2 |        201 |      63
   2 |        201 |      64
   2 |        201 |      65
   2 |        201 |      66
   2 |        201 |      67
   2 |        201 |      68
   2 |        201 |      69
   2 |        201 |      70
   2 |        201 |      71
   2 |        201 |      72
   2 |        201 |      73
   2 |        201 |      74
   2 |        201 |      75
   2 |        201 |      76
   2 |        201 |      77
   2 |        201 |      78
   2 |        201 |      79
   2 |        201 |      80
   2 |        201 |      81
   2 |        201 |      82
   2 |        201 |      83
   2 |        201 |      84
   2 |        201 |      85
   2 |        201 |      86
   2 |        201 |      87
   2 |        201 |      88
   2 |        201 |      89
   2 |        201 |      90
   2 |        201 |      91
   2 |        201 |      92
   2 |        201 |      93
   2 |        201 |      94
   2 |        201 |      95
   2 |        201 |      96
   2 |        201 |      97
   2 |        201 |      98
   2 |        201 |      99
   2 |        202 |       0
   2 |        202 |       1
   2 |        202 |       2
   2 |        202 |       3
   2 |        202 |       4
   2 |        202 |       5
   2 |        202 |       6
   2 |        202 |       7
   2 |        202 |       8
   2 |        202 |       9
   2 |        202 |      10
   2 |        202 |      11
   2 |        202 |      12
   2 |        202 |      13
   2 |        202 |      14
   2 |        202 |      15
   2 |        202 |      16
   2 |        202 |      17
   2 |        202 |      18
   2 |        202 |      19
   2 |        202 |      20
   2 |        202 |      21
   2 |        202 |      22
   2 |        202 |      23
   2 |        202 |      24
   2 |        202 |      25
   2 |        202 |      26
   2 |        202 |      27
   2 |        202 |      28
   2 |        202 |      29
   2 |        202 |      30
   2 |        202 |      31
   2 |        202 |      32
   2 |        202 |      33
   2 |        202 |      34
   2 |        202 |      35
   2 |        202 |      36
   2 |        202 |      37
   2 |        202 |      38
   2 |        202 |      39
   2 |        202 |      40
   2 |        202 |      41
   2 |        202 |      42
   2 |        202 |      43
   2 |        202 |      44
   2 |        202 |      45
   2 |        202 |      46
   2 |        202 |      47
   2 |        202 |      48
   2 |        202 |      49
   2 |        202 |      50
   2 |        202 |      51
   2 |        202 |      52
   2 |        202 |      53
   2 |        202 |      54
   2 |        202 |      55
   2 |        202 |      56
   2 |        202 |      57
   2 |        202 |      58
   2 |        202 |      59
   2 |        202 |      60
   2 |        202 |      61
   2 |        202 |      62
   2 |        202 |      63
   2 |        202 |      64
   2 |        202 |      65
   2 |        202 |      66
   2 |        202 |      67
   2 |        202 |      68
   2 |        202 |      69
   2 |        202 |      70
   2 |        202 |      71
   2 |        202 |      72
   2 |        202 |      73
   2 |        202 |      74
   2 |        202 |      75
   2 |        202 |      76
   2 |        202 |      77
   2 |        202 |      78
   2 |        202 |      79
   2 |        202 |      80
   2 |        202 |      81
   2 |        202 |      82
   2 |        202 |      83
   2 |        202 |      84
   2 |        202 |      85
   2 |        202 |      86
   2 |        202 |      87
   2 |        202 |      88
   2 |        202 |      89
   2 |        202 |      90
   2 |        202 |      91
   2 |        202 |      92
   2 |        202 |      93
   2 |        202 |      94
   2 |        202 |      95
   2 |        202 |      96
   2 |        202 |      97
   2 |        202 |      98
   2 |        202 |      99
   2 |        203 |       0
   2 |        203 |       1
   2 |        203 |       2
   2 |        203 |       3
   2 |        203 |       4
   2 |        203 |       5
   2 |        203 |       6
   2 |        203 |       7
   2 |        203 |       8
   2 |        203 |       9
   2 |        203 |      10
   2 |        203 |      11
   2 |        203 |      12
   2 |        203 |      13
   2 |        203 |      14
   2 |        203 |      15
   2 |        203 |      16
   2 |        203 |      17
   2 |        203 |      18
   2 |        203 |      19
   2 |        203 |      20
   2 |        203 |      21
   2 |        203 |      22
   2 |        203 |      23
   2 |        203 |      24
   2 |        203 |      25
   2 |        203 |      26
   2 |        203 |      27
   2 |        203 |      28
   2 |        203 |      29
   2 |        203 |      30
   2 |        203 |      31
   2 |        203 |      32
   2 |        203 |      33
   2 |        203 |      34
   2 |        203 |      35
   2 |        203 |      36
   2 |        203 |      37
   2 |        203 |      38
   2 |        203 |      39
   2 |        203 |      40
   2 |        203 |      41
   2 |        203 |      42
   2 |        203 |      43
   2 |        203 |      44
   2 |        203 |      45
   2 |        203 |      46
   2 |        203 |      47
   2 |        203 |      48
   2 |        203 |      49
   2 |        203 |      50
   2 |        203 |      51
   2 |        203 |      52
   2 |        203 |      53
   2 |        203 |      54
   2 |        203 |      55
   2 |        203 |      56
   2 |        203 |      57
   2 |        203 |      58
   2 |        203 |      59
   2 |        203 |      60
   2 |        203 |      61
   2 |        203 |      62
   2 |        203 |      63
   2 |        203 |      64
   2 |        203 |      65
   2 |        203 |      66
   2 |        203 |      67
   2 |        203 |      68
   2 |        203 |      69
   2 |        203 |      70
   2 |        203 |      71
   2 |        203 |      72
   2 |        203 |      73
   2 |        203 |      74
   2 |        203 |      75
   2 |        203 |      76
   2 |        203 |      77
   2 |        203 |      78
   2 |        203 |      79
   2 |        203 |      80
   2 |        203 |      81
   2 |        203 |      82
   2 |        203 |      83
   2 |        203 |      84
   2 |        203 |      85
   2 |        203 |      86
   2 |        203 |      87
   2 |        203 |      88
   2 |        203 |      89
   2 |        203 |      90
   2 |        203 |      91
   2 |        203 |      92
   2 |        203 |      93
   2 |        203 |      94
   2 |        203 |      95
   2 |        203 |      96
   2 |        203 |      97
   2 |        203 |      98
   2 |        203 |      99
   2 |        204 |       0
   2 |        204 |       1
   2 |        204 |       2
   2 |        204 |       3
   2 |        204 |       4
   2 |        204 |       5
   2 |        204 |       6
   2 |        204 |       7
   2 |        204 |       8
   2 |        204 |       9
   2 |        204 |      10
   2 |        204 |      11
   2 |        204 |      12
   2 |        204 |      13
   2 |        204 |      14
   2 |        204 |      15
   2 |        204 |      16
   2 |        204 |      17
   2 |        204 |      18
   2 |        204 |      19
   2 |        204 |      20
   2 |        204 |      21
   2 |        204 |      22
   2 |        204 |      23
   2 |        204 |      24
   2 |        204 |      25
   2 |        204 |      26
   2 |        204 |      27
   2 |        204 |      28
   2 |        204 |      29
   2 |        204 |      30
   2 |        204 |      31
   2 |        204 |      32
   2 |        204 |      33
   2 |        204 |      34
   2 |        204 |      35
   2 |        204 |      36
   2 |        204 |      37
   2 |        204 |      38
   2 |        204 |      39
   2 |        204 |      40
   2 |        204 |      41
   2 |        204 |      42
   2 |        204 |      43
   2 |        204 |      44
   2 |        204 |      45
   2 |        204 |      46
   2 |        204 |      47
   2 |        204 |      48
   2 |        204 |      49
   2 |        204 |      50
   2 |        204 |      51
   2 |        204 |      52
   2 |        204 |      53
   2 |        204 |      54
   2 |        204 |      55
   2 |        204 |      56
   2 |        204 |      57
   2 |        204 |      58
   2 |        204 |      59
   2 |        204 |      60
   2 |        204 |      61
   2 |        204 |      62
   2 |        204 |      63
   2 |        204 |      64
   2 |        204 |      65
   2 |        204 |      66
   2 |        204 |      67
   2 |        204 |      68
   2 |        204 |      69
   2 |        204 |      70
   2 |        204 |      71
   2 |        204 |      72
   2 |        204 |      73
   2 |        204 |      74
   2 |        204 |      75
   2 |        204 |      76
   2 |        204 |      77
   2 |        204 |      78
   2 |        204 |      79
   2 |        204 |      80
   2 |        204 |      81
   2 |        204 |      82
   2 |        204 |      83
   2 |        204 |      84
   2 |        204 |      85
   2 |        204 |      86
   2 |        204 |      87
   2 |        204 |      88
   2 |        204 |      89
   2 |        204 |      90
   2 |        204 |      91
   2 |        204 |      92
   2 |        204 |      93
   2 |        204 |      94
   2 |        204 |      95
   2 |        204 |      96
   2 |        204 |      97
   2 |        204 |      98
   2 |        204 |      99
   2 |        205 |       0
   2 |        205 |       1
   2 |        205 |       2
   2 |        205 |       3
   2 |        205 |       4
   2 |        205 |       5
   2 |        205 |       6
   2 |        205 |       7
   2 |        205 |       8
   2 |        205 |       9
   2 |        205 |      10
   2 |        205 |      11
   2 |        205 |      12
   2 |        205 |      13
   2 |        205 |      14
   2 |        205 |      15
   2 |        205 |      16
   2 |        205 |      17
   2 |        205 |      18
   2 |        205 |      19
   2 |        205 |      20
   2 |        205 |      21
   2 |        205 |      22
   2 |        205 |      23
   2 |        205 |      24
   2 |        205 |      25
   2 |        205 |      26
   2 |        205 |      27
   2 |        205 |      28
   2 |        205 |      29
   2 |        205 |      30
   2 |        205 |      31
   2 |        205 |      32
   2 |        205 |      33
   2 |        205 |      34
   2 |        205 |      35
   2 |        205 |      36
   2 |        205 |      37
   2 |        205 |      38
   2 |        205 |      39
   2 |        205 |      40
   2 |        205 |      41
   2 |        205 |      42
   2 |        205 |      43
   2 |        205 |      44
   2 |        205 |      45
   2 |        205 |      46
   2 |        205 |      47
   2 |        205 |      48
   2 |        205 |      49
   2 |        205 |      50
   2 |        205 |      51
   2 |        205 |      52
   2 |        205 |      53
   2 |        205 |      54
   2 |        205 |      55
   2 |        205 |      56
   2 |        205 |      57
   2 |        205 |      58
   2 |        205 |      59
   2 |        205 |      60
   2 |        205 |      61
   2 |        205 |      62
   2 |        205 |      63
   2 |        205 |      64
   2 |        205 |      65
   2 |        205 |      66
   2 |        205 |      67
   2 |        205 |      68
   2 |        205 |      69
   2 |        205 |      70
   2 |        205 |      71
   2 |        205 |      72
   2 |        205 |      73
   2 |        205 |      74
   2 |        205 |      75
   2 |        205 |      76
   2 |        205 |      77
   2 |        205 |      78
   2 |        205 |      79
   2 |        205 |      80
   2 |        205 |      81
   2 |        205 |      82
   2 |        205 |      83
   2 |        205 |      84
   2 |        205 |      85
   2 |        205 |      86
   2 |        205 |      87
   2 |        205 |      88
   2 |        205 |      89
   2 |        205 |      90
   2 |        205 |      91
   2 |        205 |      92
   2 |        205 |      93
   2 |        205 |      94
   2 |        205 |      95
   2 |        205 |      96
   2 |        205 |      97
   2 |        205 |      98
   2 |        205 |      99
   2 |        206 |       0
   2 |        206 |       1
   2 |        206 |       2
   2 |        206 |       3
   2 |        206 |       4
   2 |        206 |       5
   2 |        206 |       6
   2 |        206 |       7
   2 |        206 |       8
   2 |        206 |       9
   2 |        206 |      10
   2 |        206 |      11
   2 |        206 |      12
   2 |        206 |      13
   2 |        206 |      14
   2 |        206 |      15
   2 |        206 |      16
   2 |        206 |      17
   2 |        206 |      18
   2 |        206 |      19
   2 |        206 |      20
   2 |        206 |      21
   2 |        206 |      22
   2 |        206 |      23
   2 |        206 |      24
   2 |        206 |      25
   2 |        206 |      26
   2 |        206 |      27
   2 |        206 |      28
   2 |        206 |      29
   2 |        206 |      30
   2 |        206 |      31
   2 |        206 |      32
   2 |        206 |      33
   2 |        206 |      34
   2 |        206 |      35
   2 |        206 |      36
   2 |        206 |      37
   2 |        206 |      38
   2 |        206 |      39
   2 |        206 |      40
   2 |        206 |      41
   2 |        206 |      42
   2 |        206 |      43
   2 |        206 |      44
   2 |        206 |      45
   2 |        206 |      46
   2 |        206 |      47
   2 |        206 |      48
   2 |        206 |      49
   2 |        206 |      50
   2 |        206 |      51
   2 |        206 |      52
   2 |        206 |      53
   2 |        206 |      54
   2 |        206 |      55
   2 |        206 |      56
   2 |        206 |      57
   2 |        206 |      58
   2 |        206 |      59
   2 |        206 |      60
   2 |        206 |      61
   2 |        206 |      62
   2 |        206 |      63
   2 |        206 |      64
   2 |        206 |      65
   2 |        206 |      66
   2 |        206 |      67
   2 |        206 |      68
   2 |        206 |      69
   2 |        206 |      70
   2 |        206 |      71
   2 |        206 |      72
   2 |        206 |      73
   2 |        206 |      74
   2 |        206 |      75
   2 |        206 |      76
   2 |        206 |      77
   2 |        206 |      78
   2 |        206 |      79
   2 |        206 |      80
   2 |        206 |      81
   2 |        206 |      82
   2 |        206 |      83
   2 |        206 |      84
   2 |        206 |      85
   2 |        206 |      86
   2 |        206 |      87
   2 |        206 |      88
   2 |        206 |      89
   2 |        206 |      90
   2 |        206 |      91
   2 |        206 |      92
   2 |        206 |      93
   2 |        206 |      94
   2 |        206 |      95
   2 |        206 |      96
   2 |        206 |      97
   2 |        206 |      98
   2 |        206 |      99
   2 |        207 |       0
   2 |        207 |       1
   2 |        207 |       2
   2 |        207 |       3
   2 |        207 |       4
   2 |        207 |       5
   2 |        207 |       6
   2 |        207 |       7
   2 |        207 |       8
   2 |        207 |       9
   2 |        207 |      10
   2 |        207 |      11
   2 |        207 |      12
   2 |        207 |      13
   2 |        207 |      14
   2 |        207 |      15
   2 |        207 |      16
   2 |        207 |      17
   2 |        207 |      18
   2 |        207 |      19
   2 |        207 |      20
   2 |        207 |      21
   2 |        207 |      22
   2 |        207 |      23
   2 |        207 |      24
   2 |        207 |      25
   2 |        207 |      26
   2 |        207 |      27
   2 |        207 |      28
   2 |        207 |      29
   2 |        207 |      30
   2 |        207 |      31
   2 |        207 |      32
   2 |        207 |      33
   2 |        207 |      34
   2 |        207 |      35
   2 |        207 |      36
   2 |        207 |      37
   2 |        207 |      38
   2 |        207 |      39
   2 |        207 |      40
   2 |        207 |      41
   2 |        207 |      42
   2 |        207 |      43
   2 |        207 |      44
   2 |        207 |      45
   2 |        207 |      46
   2 |        207 |      47
   2 |        207 |      48
   2 |        207 |      49
   2 |        207 |      50
   2 |        207 |      51
   2 |        207 |      52
   2 |        207 |      53
   2 |        207 |      54
   2 |        207 |      55
   2 |        207 |      56
   2 |        207 |      57
   2 |        207 |      58
   2 |        207 |      59
   2 |        207 |      60
   2 |        207 |      61
   2 |        207 |      62
   2 |        207 |      63
   2 |        207 |      64
   2 |        207 |      65
   2 |        207 |      66
   2 |        207 |      67
   2 |        207 |      68
   2 |        207 |      69
   2 |        207 |      70
   2 |        207 |      71
   2 |        207 |      72
   2 |        207 |      73
   2 |        207 |      74
   2 |        207 |      75
   2 |        207 |      76
   2 |        207 |      77
   2 |        207 |      78
   2 |        207 |      79
   2 |        207 |      80
   2 |        207 |      81
   2 |        207 |      82
   2 |        207 |      83
   2 |        207 |      84
   2 |        207 |      85
   2 |        207 |      86
   2 |        207 |      87
   2 |        207 |      88
   2 |        207 |      89
   2 |        207 |      90
   2 |        207 |      91
   2 |        207 |      92
   2 |        207 |      93
   2 |        207 |      94
   2 |        207 |      95
   2 |        207 |      96
   2 |        207 |      97
   2 |        207 |      98
   2 |        207 |      99
   2 |        208 |       0
   2 |        208 |       1
   2 |        208 |       2
   2 |        208 |       3
   2 |        208 |       4
   2 |        208 |       5
   2 |        208 |       6
   2 |        208 |       7
   2 |        208 |       8
   2 |        208 |       9
   2 |        208 |      10
   2 |        208 |      11
   2 |        208 |      12
   2 |        208 |      13
   2 |        208 |      14
   2 |        208 |      15
   2 |        208 |      16
   2 |        208 |      17
   2 |        208 |      18
   2 |        208 |      19
   2 |        208 |      20
   2 |        208 |      21
   2 |        208 |      22
   2 |        208 |      23
   2 |        208 |      24
   2 |        208 |      25
   2 |        208 |      26
   2 |        208 |      27
   2 |        208 |      28
   2 |        208 |      29
   2 |        208 |      30
   2 |        208 |      31
   2 |        208 |      32
   2 |        208 |      33
   2 |        208 |      34
   2 |        208 |      35
   2 |        208 |      36
   2 |        208 |      37
   2 |        208 |      38
   2 |        208 |      39
   2 |        208 |      40
   2 |        208 |      41
   2 |        208 |      42
   2 |        208 |      43
   2 |        208 |      44
   2 |        208 |      45
   2 |        208 |      46
   2 |        208 |      47
   2 |        208 |      48
   2 |        208 |      49
   2 |        208 |      50
   2 |        208 |      51
   2 |        208 |      52
   2 |        208 |      53
   2 |        208 |      54
   2 |        208 |      55
   2 |        208 |      56
   2 |        208 |      57
   2 |        208 |      58
   2 |        208 |      59
   2 |        208 |      60
   2 |        208 |      61
   2 |        208 |      62
   2 |        208 |      63
   2 |        208 |      64
   2 |        208 |      65
   2 |        208 |      66
   2 |        208 |      67
   2 |        208 |      68
   2 |        208 |      69
   2 |        208 |      70
   2 |        208 |      71
   2 |        208 |      72
   2 |        208 |      73
   2 |        208 |      74
   2 |        208 |      75
   2 |        208 |      76
   2 |        208 |      77
   2 |        208 |      78
   2 |        208 |      79
   2 |        208 |      80
   2 |        208 |      81
   2 |        208 |      82
   2 |        208 |      83
   2 |        208 |      84
   2 |        208 |      85
   2 |        208 |      86
   2 |        208 |      87
   2 |        208 |      88
   2 |        208 |      89
   2 |        208 |      90
   2 |        208 |      91
   2 |        208 |      92
   2 |        208 |      93
   2 |        208 |      94
   2 |        208 |      95
   2 |        208 |      96
   2 |        208 |      97
   2 |        208 |      98
   2 |        208 |      99
   2 |        209 |       0
   2 |        209 |       1
   2 |        209 |       2
   2 |        209 |       3
   2 |        209 |       4
   2 |        209 |       5
   2 |        209 |       6
   2 |        209 |       7
   2 |        209 |       8
   2 |        209 |       9
   2 |        209 |      10
   2 |        209 |      11
   2 |        209 |      12
   2 |        209 |      13
   2 |        209 |      14
   2 |        209 |      15
   2 |        209 |      16
   2 |        209 |      17
   2 |        209 |      18
   2 |        209 |      19
   2 |        209 |      20
   2 |        209 |      21
   2 |        209 |      22
   2 |        209 |      23
   2 |        209 |      24
   2 |        209 |      25
   2 |        209 |      26
   2 |        209 |      27
   2 |        209 |      28
   2 |        209 |      29
   2 |        209 |      30
   2 |        209 |      31
   2 |        209 |      32
   2 |        209 |      33
   2 |        209 |      34
   2 |        209 |      35
   2 |        209 |      36
   2 |        209 |      37
   2 |        209 |      38
   2 |        209 |      39
   2 |        209 |      40
   2 |        209 |      41
   2 |        209 |      42
   2 |        209 |      43
   2 |        209 |      44
   2 |        209 |      45
   2 |        209 |      46
   2 |        209 |      47
   2 |        209 |      48
   2 |        209 |      49
   2 |        209 |      50
   2 |        209 |      51
   2 |        209 |      52
   2 |        209 |      53
   2 |        209 |      54
   2 |        209 |      55
   2 |        209 |      56
   2 |        209 |      57
   2 |        209 |      58
   2 |        209 |      59
   2 |        209 |      60
   2 |        209 |      61
   2 |        209 |      62
   2 |        209 |      63
   2 |        209 |      64
   2 |        209 |      65
   2 |        209 |      66
   2 |        209 |      67
   2 |        209 |      68
   2 |        209 |      69
   2 |        209 |      70
   2 |        209 |      71
   2 |        209 |      72
   2 |        209 |      73
   2 |        209 |      74
   2 |        209 |      75
   2 |        209 |      76
   2 |        209 |      77
   2 |        209 |      78
   2 |        209 |      79
   2 |        209 |      80
   2 |        209 |      81
   2 |        209 |      82
   2 |        209 |      83
   2 |        209 |      84
   2 |        209 |      85
   2 |        209 |      86
   2 |        209 |      87
   2 |        209 |      88
   2 |        209 |      89
   2 |        209 |      90
   2 |        209 |      91
   2 |        209 |      92
   2 |        209 |      93
   2 |        209 |      94
   2 |        209 |      95
   2 |        209 |      96
   2 |        209 |      97
   2 |        209 |      98
   2 |        209 |      99
   2 |        210 |       0
   2 |        210 |       1
   2 |        210 |       2
   2 |        210 |       3
   2 |        210 |       4
   2 |        210 |       5
   2 |        210 |       6
   2 |        210 |       7
   2 |        210 |       8
   2 |        210 |       9
   2 |        210 |      10
   2 |        210 |      11
   2 |        210 |      12
   2 |        210 |      13
   2 |        210 |      14
   2 |        210 |      15
   2 |        210 |      16
   2 |        210 |      17
   2 |        210 |      18
   2 |        210 |      19
   2 |        210 |      20
   2 |        210 |      21
   2 |        210 |      22
   2 |        210 |      23
   2 |        210 |      24
   2 |        210 |      25
   2 |        210 |      26
   2 |        210 |      27
   2 |        210 |      28
   2 |        210 |      29
   2 |        210 |      30
   2 |        210 |      31
   2 |        210 |      32
   2 |        210 |      33
   2 |        210 |      34
   2 |        210 |      35
   2 |        210 |      36
   2 |        210 |      37
   2 |        210 |      38
   2 |        210 |      39
   2 |        210 |      40
   2 |        210 |      41
   2 |        210 |      42
   2 |        210 |      43
   2 |        210 |      44
   2 |        210 |      45
   2 |        210 |      46
   2 |        210 |      47
   2 |        210 |      48
   2 |        210 |      49
   2 |        210 |      50
   2 |        210 |      51
   2 |        210 |      52
   2 |        210 |      53
   2 |        210 |      54
   2 |        210 |      55
   2 |        210 |      56
   2 |        210 |      57
   2 |        210 |      58
   2 |        210 |      59
   2 |        210 |      60
   2 |        210 |      61
   2 |        210 |      62
   2 |        210 |      63
   2 |        210 |      64
   2 |        210 |      65
   2 |        210 |      66
   2 |        210 |      67
   2 |        210 |      68
   2 |        210 |      69
   2 |        210 |      70
   2 |        210 |      71
   2 |        210 |      72
   2 |        210 |      73
   2 |        210 |      74
   2 |        210 |      75
   2 |        210 |      76
   2 |        210 |      77
   2 |        210 |      78
   2 |        210 |      79
   2 |        210 |      80
   2 |        210 |      81
   2 |        210 |      82
   2 |        210 |      83
   2 |        210 |      84
   2 |        210 |      85
   2 |        210 |      86
   2 |        210 |      87
   2 |        210 |      88
   2 |        210 |      89
   2 |        210 |      90
   2 |        210 |      91
   2 |        210 |      92
   2 |        210 |      93
   2 |        210 |      94
   2 |        210 |      95
   2 |        210 |      96
   2 |        210 |      97
   2 |        210 |      98
   2 |        210 |      99
   2 |        211 |       0
   2 |        211 |       1
   2 |        211 |       2
   2 |        211 |       3
   2 |        211 |       4
   2 |        211 |       5
   2 |        211 |       6
   2 |        211 |       7
   2 |        211 |       8
   2 |        211 |       9
   2 |        211 |      10
   2 |        211 |      11
   2 |        211 |      12
   2 |        211 |      13
   2 |        211 |      14
   2 |        211 |      15
   2 |        211 |      16
   2 |        211 |      17
   2 |        211 |      18
   2 |        211 |      19
   2 |        211 |      20
   2 |        211 |      21
   2 |        211 |      22
   2 |        211 |      23
   2 |        211 |      24
   2 |        211 |      25
   2 |        211 |      26
   2 |        211 |      27
   2 |        211 |      28
   2 |        211 |      29
   2 |        211 |      30
   2 |        211 |      31
   2 |        211 |      32
   2 |        211 |      33
   2 |        211 |      34
   2 |        211 |      35
   2 |        211 |      36
   2 |        211 |      37
   2 |        211 |      38
   2 |        211 |      39
   2 |        211 |      40
   2 |        211 |      41
   2 |        211 |      42
   2 |        211 |      43
   2 |        211 |      44
   2 |        211 |      45
   2 |        211 |      46
   2 |        211 |      47
   2 |        211 |      48
   2 |        211 |      49
   2 |        211 |      50
   2 |        211 |      51
   2 |        211 |      52
   2 |        211 |      53
   2 |        211 |      54
   2 |        211 |      55
   2 |        211 |      56
   2 |        211 |      57
   2 |        211 |      58
   2 |        211 |      59
   2 |        211 |      60
   2 |        211 |      61
   2 |        211 |      62
   2 |        211 |      63
   2 |        211 |      64
   2 |        211 |      65
   2 |        211 |      66
   2 |        211 |      67
   2 |        211 |      68
   2 |        211 |      69
   2 |        211 |      70
   2 |        211 |      71
   2 |        211 |      72
   2 |        211 |      73
   2 |        211 |      74
   2 |        211 |      75
   2 |        211 |      76
   2 |        211 |      77
   2 |        211 |      78
   2 |        211 |      79
   2 |        211 |      80
   2 |        211 |      81
   2 |        211 |      82
   2 |        211 |      83
   2 |        211 |      84
   2 |        211 |      85
   2 |        211 |      86
   2 |        211 |      87
   2 |        211 |      88
   2 |        211 |      89
   2 |        211 |      90
   2 |        211 |      91
   2 |        211 |      92
   2 |        211 |      93
   2 |        211 |      94
   2 |        211 |      95
   2 |        211 |      96
   2 |        211 |      97
   2 |        211 |      98
   2 |        211 |      99
   2 |        212 |       0
   2 |        212 |       1
   2 |        212 |       2
   2 |        212 |       3
   2 |        212 |       4
   2 |        212 |       5
   2 |        212 |       6
   2 |        212 |       7
   2 |        212 |       8
   2 |        212 |       9
   2 |        212 |      10
   2 |        212 |      11
   2 |        212 |      12
   2 |        212 |      13
   2 |        212 |      14
   2 |        212 |      15
   2 |        212 |      16
   2 |        212 |      17
   2 |        212 |      18
   2 |        212 |      19
   2 |        212 |      20
   2 |        212 |      21
   2 |        212 |      22
   2 |        212 |      23
   2 |        212 |      24
   2 |        212 |      25
   2 |        212 |      26
   2 |        212 |      27
   2 |        212 |      28
   2 |        212 |      29
   2 |        212 |      30
   2 |        212 |      31
   2 |        212 |      32
   2 |        212 |      33
   2 |        212 |      34
   2 |        212 |      35
   2 |        212 |      36
   2 |        212 |      37
   2 |        212 |      38
   2 |        212 |      39
   2 |        212 |      40
   2 |        212 |      41
   2 |        212 |      42
   2 |        212 |      43
   2 |        212 |      44
   2 |        212 |      45
   2 |        212 |      46
   2 |        212 |      47
   2 |        212 |      48
   2 |        212 |      49
   2 |        212 |      50
   2 |        212 |      51
   2 |        212 |      52
   2 |        212 |      53
   2 |        212 |      54
   2 |        212 |      55
   2 |        212 |      56
   2 |        212 |      57
   2 |        212 |      58
   2 |        212 |      59
   2 |        212 |      60
   2 |        212 |      61
   2 |        212 |      62
   2 |        212 |      63
   2 |        212 |      64
   2 |        212 |      65
   2 |        212 |      66
   2 |        212 |      67
   2 |        212 |      68
   2 |        212 |      69
   2 |        212 |      70
   2 |        212 |      71
   2 |        212 |      72
   2 |        212 |      73
   2 |        212 |      74
   2 |        212 |      75
   2 |        212 |      76
   2 |        212 |      77
   2 |        212 |      78
   2 |        212 |      79
   2 |        212 |      80
   2 |        212 |      81
   2 |        212 |      82
   2 |        212 |      83
   2 |        212 |      84
   2 |        212 |      85
   2 |        212 |      86
   2 |        212 |      87
   2 |        212 |      88
   2 |        212 |      89
   2 |        212 |      90
   2 |        212 |      91
   2 |        212 |      92
   2 |        212 |      93
   2 |        212 |      94
   2 |        212 |      95
   2 |        212 |      96
   2 |        212 |      97
   2 |        212 |      98
   2 |        212 |      99
   2 |        213 |       0
   2 |        213 |       1
   2 |        213 |       2
   2 |        213 |       3
   2 |        213 |       4
   2 |        213 |       5
   2 |        213 |       6
   2 |        213 |       7
   2 |        213 |       8
   2 |        213 |       9
   2 |        213 |      10
   2 |        213 |      11
   2 |        213 |      12
   2 |        213 |      13
   2 |        213 |      14
   2 |        213 |      15
   2 |        213 |      16
   2 |        213 |      17
   2 |        213 |      18
   2 |        213 |      19
   2 |        213 |      20
   2 |        213 |      21
   2 |        213 |      22
   2 |        213 |      23
   2 |        213 |      24
   2 |        213 |      25
   2 |        213 |      26
   2 |        213 |      27
   2 |        213 |      28
   2 |        213 |      29
   2 |        213 |      30
   2 |        213 |      31
   2 |        213 |      32
   2 |        213 |      33
   2 |        213 |      34
   2 |        213 |      35
   2 |        213 |      36
   2 |        213 |      37
   2 |        213 |      38
   2 |        213 |      39
   2 |        213 |      40
   2 |        213 |      41
   2 |        213 |      42
   2 |        213 |      43
   2 |        213 |      44
   2 |        213 |      45
   2 |        213 |      46
   2 |        213 |      47
   2 |        213 |      48
   2 |        213 |      49
   2 |        213 |      50
   2 |        213 |      51
   2 |        213 |      52
   2 |        213 |      53
   2 |        213 |      54
   2 |        213 |      55
   2 |        213 |      56
   2 |        213 |      57
   2 |        213 |      58
   2 |        213 |      59
   2 |        213 |      60
   2 |        213 |      61
   2 |        213 |      62
   2 |        213 |      63
   2 |        213 |      64
   2 |        213 |      65
   2 |        213 |      66
   2 |        213 |      67
   2 |        213 |      68
   2 |        213 |      69
   2 |        213 |      70
   2 |        213 |      71
   2 |        213 |      72
   2 |        213 |      73
   2 |        213 |      74
   2 |        213 |      75
   2 |        213 |      76
   2 |        213 |      77
   2 |        213 |      78
   2 |        213 |      79
   2 |        213 |      80
   2 |        213 |      81
   2 |        213 |      82
   2 |        213 |      83
   2 |        213 |      84
   2 |        213 |      85
   2 |        213 |      86
   2 |        213 |      87
   2 |        213 |      88
   2 |        213 |      89
   2 |        213 |      90
   2 |        213 |      91
   2 |        213 |      92
   2 |        213 |      93
   2 |        213 |      94
   2 |        213 |      95
   2 |        213 |      96
   2 |        213 |      97
   2 |        213 |      98
   2 |        213 |      99
   2 |        214 |       0
   2 |        214 |       1
   2 |        214 |       2
   2 |        214 |       3
   2 |        214 |       4
   2 |        214 |       5
   2 |        214 |       6
   2 |        214 |       7
   2 |        214 |       8
   2 |        214 |       9
   2 |        214 |      10
   2 |        214 |      11
   2 |        214 |      12
   2 |        214 |      13
   2 |        214 |      14
   2 |        214 |      15
   2 |        214 |      16
   2 |        214 |      17
   2 |        214 |      18
   2 |        214 |      19
   2 |        214 |      20
   2 |        214 |      21
   2 |        214 |      22
   2 |        214 |      23
   2 |        214 |      24
   2 |        214 |      25
   2 |        214 |      26
   2 |        214 |      27
   2 |        214 |      28
   2 |        214 |      29
   2 |        214 |      30
   2 |        214 |      31
   2 |        214 |      32
   2 |        214 |      33
   2 |        214 |      34
   2 |        214 |      35
   2 |        214 |      36
   2 |        214 |      37
   2 |        214 |      38
   2 |        214 |      39
   2 |        214 |      40
   2 |        214 |      41
   2 |        214 |      42
   2 |        214 |      43
   2 |        214 |      44
   2 |        214 |      45
   2 |        214 |      46
   2 |        214 |      47
   2 |        214 |      48
   2 |        214 |      49
   2 |        214 |      50
   2 |        214 |      51
   2 |        214 |      52
   2 |        214 |      53
   2 |        214 |      54
   2 |        214 |      55
   2 |        214 |      56
   2 |        214 |      57
   2 |        214 |      58
   2 |        214 |      59
   2 |        214 |      60
   2 |        214 |      61
   2 |        214 |      62
   2 |        214 |      63
   2 |        214 |      64
   2 |        214 |      65
   2 |        214 |      66
   2 |        214 |      67
   2 |        214 |      68
   2 |        214 |      69
   2 |        214 |      70
   2 |        214 |      71
   2 |        214 |      72
   2 |        214 |      73
   2 |        214 |      74
   2 |        214 |      75
   2 |        214 |      76
   2 |        214 |      77
   2 |        214 |      78
   2 |        214 |      79
   2 |        214 |      80
   2 |        214 |      81
   2 |        214 |      82
   2 |        214 |      83
   2 |        214 |      84
   2 |        214 |      85
   2 |        214 |      86
   2 |        214 |      87
   2 |        214 |      88
   2 |        214 |      89
   2 |        214 |      90
   2 |        214 |      91
   2 |        214 |      92
   2 |        214 |      93
   2 |        214 |      94
   2 |        214 |      95
   2 |        214 |      96
   2 |        214 |      97
   2 |        214 |      98
   2 |        214 |      99
   2 |        215 |       0
   2 |        215 |       1
   2 |        215 |       2
   2 |        215 |       3
   2 |        215 |       4
   2 |        215 |       5
   2 |        215 |       6
   2 |        215 |       7
   2 |        215 |       8
   2 |        215 |       9
   2 |        215 |      10
   2 |        215 |      11
   2 |        215 |      12
   2 |        215 |      13
   2 |        215 |      14
   2 |        215 |      15
   2 |        215 |      16
   2 |        215 |      17
   2 |        215 |      18
   2 |        215 |      19
   2 |        215 |      20
   2 |        215 |      21
   2 |        215 |      22
   2 |        215 |      23
   2 |        215 |      24
   2 |        215 |      25
   2 |        215 |      26
   2 |        215 |      27
   2 |        215 |      28
   2 |        215 |      29
   2 |        215 |      30
   2 |        215 |      31
   2 |        215 |      32
   2 |        215 |      33
   2 |        215 |      34
   2 |        215 |      35
   2 |        215 |      36
   2 |        215 |      37
   2 |        215 |      38
   2 |        215 |      39
   2 |        215 |      40
   2 |        215 |      41
   2 |        215 |      42
   2 |        215 |      43
   2 |        215 |      44
   2 |        215 |      45
   2 |        215 |      46
   2 |        215 |      47
   2 |        215 |      48
   2 |        215 |      49
   2 |        215 |      50
   2 |        215 |      51
   2 |        215 |      52
   2 |        215 |      53
   2 |        215 |      54
   2 |        215 |      55
   2 |        215 |      56
   2 |        215 |      57
   2 |        215 |      58
   2 |        215 |      59
   2 |        215 |      60
   2 |        215 |      61
   2 |        215 |      62
   2 |        215 |      63
   2 |        215 |      64
   2 |        215 |      65
   2 |        215 |      66
   2 |        215 |      67
   2 |        215 |      68
   2 |        215 |      69
   2 |        215 |      70
   2 |        215 |      71
   2 |        215 |      72
   2 |        215 |      73
   2 |        215 |      74
   2 |        215 |      75
   2 |        215 |      76
   2 |        215 |      77
   2 |        215 |      78
   2 |        215 |      79
   2 |        215 |      80
   2 |        215 |      81
   2 |        215 |      82
   2 |        215 |      83
   2 |        215 |      84
   2 |        215 |      85
   2 |        215 |      86
   2 |        215 |      87
   2 |        215 |      88
   2 |        215 |      89
   2 |        215 |      90
   2 |        215 |      91
   2 |        215 |      92
   2 |        215 |      93
   2 |        215 |      94
   2 |        215 |      95
   2 |        215 |      96
   2 |        215 |      97
   2 |        215 |      98
   2 |        215 |      99
   2 |        216 |       0
   2 |        216 |       1
   2 |        216 |       2
   2 |        216 |       3
   2 |        216 |       4
   2 |        216 |       5
   2 |        216 |       6
   2 |        216 |       7
   2 |        216 |       8
   2 |        216 |       9
   2 |        216 |      10
   2 |        216 |      11
   2 |        216 |      12
   2 |        216 |      13
   2 |        216 |      14
   2 |        216 |      15
   2 |        216 |      16
   2 |        216 |      17
   2 |        216 |      18
   2 |        216 |      19
   2 |        216 |      20
   2 |        216 |      21
   2 |        216 |      22
   2 |        216 |      23
   2 |        216 |      24
   2 |        216 |      25
   2 |        216 |      26
   2 |        216 |      27
   2 |        216 |      28
   2 |        216 |      29
   2 |        216 |      30
   2 |        216 |      31
   2 |        216 |      32
   2 |        216 |      33
   2 |        216 |      34
   2 |        216 |      35
   2 |        216 |      36
   2 |        216 |      37
   2 |        216 |      38
   2 |        216 |      39
   2 |        216 |      40
   2 |        216 |      41
   2 |        216 |      42
   2 |        216 |      43
   2 |        216 |      44
   2 |        216 |      45
   2 |        216 |      46
   2 |        216 |      47
   2 |        216 |      48
   2 |        216 |      49
   2 |        216 |      50
   2 |        216 |      51
   2 |        216 |      52
   2 |        216 |      53
   2 |        216 |      54
   2 |        216 |      55
   2 |        216 |      56
   2 |        216 |      57
   2 |        216 |      58
   2 |        216 |      59
   2 |        216 |      60
   2 |        216 |      61
   2 |        216 |      62
   2 |        216 |      63
   2 |        216 |      64
   2 |        216 |      65
   2 |        216 |      66
   2 |        216 |      67
   2 |        216 |      68
   2 |        216 |      69
   2 |        216 |      70
   2 |        216 |      71
   2 |        216 |      72
   2 |        216 |      73
   2 |        216 |      74
   2 |        216 |      75
   2 |        216 |      76
   2 |        216 |      77
   2 |        216 |      78
   2 |        216 |      79
   2 |        216 |      80
   2 |        216 |      81
   2 |        216 |      82
   2 |        216 |      83
   2 |        216 |      84
   2 |        216 |      85
   2 |        216 |      86
   2 |        216 |      87
   2 |        216 |      88
   2 |        216 |      89
   2 |        216 |      90
   2 |        216 |      91
   2 |        216 |      92
   2 |        216 |      93
   2 |        216 |      94
   2 |        216 |      95
   2 |        216 |      96
   2 |        216 |      97
   2 |        216 |      98
   2 |        216 |      99
   2 |        217 |       0
   2 |        217 |       1
   2 |        217 |       2
   2 |        217 |       3
   2 |        217 |       4
   2 |        217 |       5
   2 |        217 |       6
   2 |        217 |       7
   2 |        217 |       8
   2 |        217 |       9
   2 |        217 |      10
   2 |        217 |      11
   2 |        217 |      12
   2 |        217 |      13
   2 |        217 |      14
   2 |        217 |      15
   2 |        217 |      16
   2 |        217 |      17
   2 |        217 |      18
   2 |        217 |      19
   2 |        217 |      20
   2 |        217 |      21
   2 |        217 |      22
   2 |        217 |      23
   2 |        217 |      24
   2 |        217 |      25
   2 |        217 |      26
   2 |        217 |      27
   2 |        217 |      28
   2 |        217 |      29
   2 |        217 |      30
   2 |        217 |      31
   2 |        217 |      32
   2 |        217 |      33
   2 |        217 |      34
   2 |        217 |      35
   2 |        217 |      36
   2 |        217 |      37
   2 |        217 |      38
   2 |        217 |      39
   2 |        217 |      40
   2 |        217 |      41
   2 |        217 |      42
   2 |        217 |      43
   2 |        217 |      44
   2 |        217 |      45
   2 |        217 |      46
   2 |        217 |      47
   2 |        217 |      48
   2 |        217 |      49
   2 |        217 |      50
   2 |        217 |      51
   2 |        217 |      52
   2 |        217 |      53
   2 |        217 |      54
   2 |        217 |      55
   2 |        217 |      56
   2 |        217 |      57
   2 |        217 |      58
   2 |        217 |      59
   2 |        217 |      60
   2 |        217 |      61
   2 |        217 |      62
   2 |        217 |      63
   2 |        217 |      64
   2 |        217 |      65
   2 |        219 |       0
   2 |        219 |       1
   2 |        219 |       2
   2 |        219 |       3
   2 |        219 |       4
   2 |        219 |       5
   2 |        220 |       0
